31 32 33 34 35 36 37 38 - 0.00746
32 33 34 - 0.00193
42 43 44 - 0.00223
43 44 45 - 0.00296
52 53 54 - 0.00121
53 54 55 - 0.00092
47 48 49 50 51 - 0.00103
48 49 50 - 0.00043
49 50 51 - 0.00066
44 45 46 - 0.00223
33 34 35 - 0.00349
35 36 37 - 0.00240
36 37 38 - 0.00146
37 38 39 - 0.00179
38 39 40 - 0.00233
39 40 41 - 0.00133
40 41 871850 871842 871851 79160 871852 871853 240 864774 864775 79166 864776 864777 864778 864779 871810 871811 871812 479 871813 871814 871815 871816 871817 871818 871955 871956 871957 424 732770 732771 721 732772 732773 732774 732775 732776 732777 732778 732779 732780 732781 732782 732783 655 732784 732785 732786 771843 656 657 658 659 660 7031 261 262 263 42 - 0.02622
41 871850 871842 871851 79160 871852 871853 240 864774 864775 79166 864776 864777 864778 864779 871810 871811 871812 479 871813 871814 871815 871816 871817 871818 871955 871956 871957 424 732770 732771 721 732772 732773 732774 732775 732776 732777 732778 732779 732780 732781 732782 732783 655 732784 732785 732786 771843 656 657 658 659 660 7031 261 262 263 42 43 - 0.02678
45 279 280 7035 7036 7037 7038 7039 488 487 486 485 484 483 482 481 480 479 871813 871814 871815 871816 871817 871818 871955 871956 871957 424 425 426 622223 622224 622225 651 466 536528 536529 632 476 49533 668 874761 874832 874833 874834 538302 874762 874763 874764 874765 526435 874766 874767 874768 874769 874770 874771 137 935176 874776 935177 935178 935179 935180 935181 874760 935182 935183 935184 935185 935186 935187 935188 935189 935190 935191 935192 935193 935194 935195 935196 935197 935198 935199 935200 935201 935202 935203 935204 935205 935206 935207 935208 935209 935210 935211 935212 120 6932 6933 6934 6935 6936 47 - 0.04594
48 49 - 0.00015
50 49 48 47 6936 6935 6934 6933 6932 120 121 122 123 124 125 126 127 128 52 - 0.00646
51 50 49 48 47 6936 6935 6934 6933 6932 120 121 122 123 124 125 126 127 128 52 53 - 0.00768
54 53 52 128 127 126 125 124 123 122 121 120 6932 6933 6934 6935 6936 47 663081 663082 663083 477258 477259 477260 477261 477262 477263 477264 865536 538350 529750 596780 521286 87825 87826 87827 596796 521289 521290 596810 797675 797670 797676 797677 47251 47259 56 - 0.02174
55 54 53 52 128 127 126 125 124 123 122 121 120 6932 6933 6934 6935 6936 47 663081 663082 663083 477258 477259 477260 477261 477262 477263 477264 865536 538350 529750 596780 521286 87825 87826 87827 596796 521289 521290 596810 797675 797670 797676 797677 47251 47259 56 57 - 0.02266
56 57 58 - 0.00067
57 58 59 - 0.00047
58 59 60 - 0.0005
59 60 596795 596796 521289 521290 596810 797675 797670 797671 797672 797673 797674 885155 701401 701402 701403 926560 926561 926562 926563 926564 884966 529756 884967 884968 884969 884970 529735 170 184 185 186 7090 7091 7092 196 7093 1464 882496 882497 94972 882498 882499 882500 882501 882502 882503 882504 882505 882506 882507 882508 7130 7131 1498 7132 7133 7134 7135 7136 1489 7137 61 - 0.03203
60 596795 596796 521289 521290 596810 797675 797670 797671 797672 797673 797674 885155 701401 701402 701403 926560 926561 926562 926563 926564 884966 529756 884967 884968 884969 884970 529735 170 184 185 186 7090 7091 7092 196 7093 1464 882496 882497 94972 882498 882499 882500 882501 882502 882503 882504 882505 882506 882507 882508 7130 7131 1498 7132 7133 7134 7135 7136 1489 7137 61 62 - 0.03317
61 62 63 - 0.0036
62 63 543208 698712 698713 69 70 71 72 73 74 75 76 77 78 79 80 81 82 83 84 85 86 87 88 89 90 91 92 93 94 95 96 64 - 0.02338
63 543208 698712 698713 69 70 71 72 73 74 75 76 77 78 79 80 81 82 83 84 85 86 87 88 89 90 91 92 93 94 95 96 64 65 - 0.02143
64 65 66 - 0.0003
65 66 67 - 0.00029
66 67 68 - 0.00062
67 68 877580 877581 877582 877583 877584 877585 877586 877587 877588 877589 877590 877591 877592 877593 877594 738220 877520 877521 877522 877523 877524 877525 877526 877527 877528 877529 877530 877531 877532 877533 877534 877535 877536 877537 877538 877539 877540 877541 877542 877543 877544 877545 865789 865790 865791 865792 865793 865794 865795 865796 865797 865798 865799 865800 865801 865802 865803 865804 865805 865806 865807 865808 865809 865810 865811 87794 768348 605339 23827 23828 23829 882478 882479 882480 882481 882482 882483 882484 882485 187 188 189 190 191 192 193 194 195 869502 869503 869504 869505 869506 869507 869508 869509 869510 869511 869512 869513 869514 869515 869516 869517 869518 869519 1463 869520 869521 869522 869523 869524 1464 882496 882497 94972 882498 882499 882500 882501 882502 882503 882504 882505 882506 882507 882508 7130 7131 1498 7132 7133 7134 7135 7136 1489 7137 61 69 - 0.04533
68 877580 877581 877582 877583 877584 877585 877586 877587 877588 877589 877590 877591 877592 877593 877594 738220 877520 877521 877522 877523 877524 877525 877526 877527 877528 877529 877530 877531 877532 877533 877534 877535 877536 877537 877538 877539 877540 877541 877542 877543 877544 877545 865789 865790 865791 865792 865793 865794 865795 865796 865797 865798 865799 865800 865801 865802 865803 865804 865805 865806 865807 865808 865809 865810 865811 87794 768348 605339 23827 23828 23829 882478 882479 882480 882481 882482 882483 882484 882485 187 188 189 190 191 192 193 194 195 869502 869503 869504 869505 869506 869507 869508 869509 869510 869511 869512 869513 869514 869515 869516 869517 869518 869519 1463 869520 869521 869522 869523 869524 1464 882496 882497 94972 882498 882499 882500 882501 882502 882503 882504 882505 882506 882507 882508 7130 7131 1498 7132 7133 7134 7135 7136 1489 7137 61 69 70 - 0.04619
69 70 71 - 0.00304
70 71 72 - 0.0019
71 72 73 - 0.0004
72 73 74 - 0.00112
73 74 75 - 0.00213
74 75 76 - 0.00232
75 76 77 - 0.00227
76 77 78 - 0.00207
77 78 79 - 0.00277
78 79 80 - 0.00274
79 80 81 - 0.00087
80 81 82 - 0.00054
81 82 83 - 0.00094
82 83 84 - 0.00106
83 84 85 - 0.00075
84 85 86 - 0.00057
85 86 87 - 0.00068
86 87 88 - 0.00055
87 88 89 - 0.0004
88 89 90 - 0.00126
89 90 91 - 0.00144
90 91 92 - 0.00046
91 92 93 - 0.00051
92 93 94 - 0.00057
93 94 95 - 0.00060
94 95 96 - 0.00085
95 96 64 97 - 0.00112
96 64 97 98 - 0.00097
97 98 99 - 0.00112
98 99 100 - 0.00120
99 100 877553 877554 877555 877556 877557 877558 877559 877560 877561 877562 877563 544441 544442 544443 544444 544445 544446 544447 544448 929966 929967 929968 929969 929970 929971 929972 929973 929974 929975 929976 929977 929978 929979 929980 929981 929982 929983 929984 929985 929986 929987 87745 87746 8360 87747 87748 1237 886277 886278 886279 886280 87707 886281 886282 886283 894029 829171 829172 829113 829187 894086 894087 894088 894089 101 - 0.02292
100 877553 877554 877555 877556 877557 877558 877559 877560 877561 877562 877563 544441 544442 544443 544444 544445 544446 544447 544448 929966 929967 929968 929969 929970 929971 929972 929973 929974 929975 929976 929977 929978 929979 929980 929981 929982 929983 929984 929985 929986 929987 87745 87746 8360 87747 87748 1237 886277 886278 886279 886280 87707 886281 886282 886283 894029 829171 829172 829113 829187 894086 894087 894088 894089 101 102 - 0.02393
101 102 103 - 0.00272
102 103 104 - 0.00354
103 104 105 - 0.00334
104 105 106 - 0.00181
105 106 107 - 0.00112
106 107 108 - 0.00065
107 108 109 - 0.00069
108 109 110 - 0.00061
109 110 111 - 0.0004
110 111 112 - 0.00043
111 112 113 - 0.00045
4 5 6 7 906032 906033 906034 906035 906036 906037 906038 906039 906040 906041 906042 906043 906044 906045 906046 906047 906048 906049 906050 906051 906052 906053 906054 906055 906056 906057 906058 906059 906060 906061 906062 906063 906064 906065 906066 906067 906068 906069 906070 906071 906072 906120 906121 906122 906123 906124 906125 906126 906127 906128 906129 906000 906001 906002 906003 906004 906005 905970 905971 905972 905973 905974 905975 905976 905977 905978 905979 905980 905981 905982 905956 905983 905984 905985 905986 905987 905988 905989 905990 905991 905992 905993 905994 905995 905996 905997 905998 905999 905941 905942 905943 905944 905945 905946 905947 905948 905949 905950 905951 905952 905953 905954 905955 705682 705683 705684 705685 705686 705687 705688 705689 705690 705691 705692 705693 705694 705695 705696 705697 8 9 10 11 12 13 37370 37371 37372 37373 37374 37375 37376 37377 37378 37379 37380 37381 37382 37383 37384 37385 37386 37387 37388 37389 37390 37391 37392 37393 37394 37395 37396 37397 37398 37399 37400 37401 37402 37403 37404 37405 37406 37407 37408 37409 37410 37411 37412 37413 37414 37415 690714 690715 690716 690717 690718 690719 690720 690721 690729 690727 690728 771589 771590 771624 771625 771626 771627 771628 771629 771630 771631 771632 771633 771634 771635 771636 771637 771638 771639 771640 771641 771642 771643 771644 771645 771646 771647 771648 771612 771613 771614 771615 771616 771581 771582 771583 771584 771568 771569 771570 530277 771571 771572 771573 771683 771684 771685 771686 771687 771688 771654 771655 771656 771657 771658 771556 771557 771558 771559 771560 771561 771562 530293 530294 530295 530296 530297 530298 23326 23327 23328 23329 23330 36538 36539 36540 36541 36542 72342 72343 72344 72345 72336 72337 72338 15 16 17 18 19 - 0.15411
5 6 7 906032 906033 906034 906035 906036 906037 906038 906039 906040 906041 906042 906043 906044 906045 906046 906047 906048 906049 906050 906051 906052 906053 906054 906055 906056 906057 906058 906059 906060 906061 906062 906063 906064 906065 906066 906067 906068 906069 906070 906071 906072 906120 906121 906122 906123 906124 906125 906126 906127 906128 906129 906000 906001 906002 906003 906004 906005 905970 905971 905972 905973 905974 905975 905976 905977 905978 905979 905980 905981 905982 905956 905983 905984 905985 905986 905987 905988 905989 905990 905991 905992 905993 905994 905995 905996 905997 905998 905999 905941 905942 905943 905944 905945 905946 905947 905948 905949 905950 905951 905952 905953 905954 905955 705682 705683 705684 705685 705686 705687 705688 705689 705690 705691 705692 705693 705694 705695 705696 705697 8 9 10 11 12 13 37370 37371 37372 37373 37374 37375 37376 37377 37378 37379 37380 37381 37382 37383 37384 37385 37386 37387 37388 37389 37390 37391 37392 37393 37394 37395 37396 37397 37398 37399 37400 37401 37402 37403 37404 37405 37406 37407 37408 37409 37410 37411 37412 37413 37414 37415 690714 690715 690716 690717 690718 690719 690720 690721 690729 690727 690728 771589 771590 771624 771625 771626 771627 771628 771629 771630 771631 771632 771633 771634 771635 771636 771637 771638 771639 771640 771641 771642 771643 771644 771645 771646 771647 771648 771612 771613 771614 771615 771616 771581 771582 771583 771584 771568 771569 771570 530277 771571 771572 771573 771683 771684 771685 771686 771687 771688 771654 771655 771656 771657 771658 771556 771557 771558 771559 771560 771561 771562 530293 530294 530295 530296 530297 530298 23326 23327 23328 23329 23330 36538 36539 36540 36541 36542 72342 72343 72344 72345 72336 72337 72338 15 16 17 18 19 - 0.14729
10 11 12 13 37370 37371 37372 37373 37374 37375 37376 37377 37378 37379 37380 37381 37382 37383 37384 37385 37386 37387 37388 37389 37390 37391 37392 37393 37394 37395 37396 37397 37398 37399 37400 37401 37402 37403 37404 37405 37406 37407 37408 37409 37410 37411 37412 37413 37414 37415 690714 690715 690716 690717 690718 690719 690720 690721 690729 690727 690728 771589 771590 771624 771625 771626 771627 771628 771629 771630 771631 771632 771633 771634 771635 771636 771637 771638 771639 771640 771641 771642 771643 771644 771645 771646 771647 771648 771612 771613 771614 771615 771616 771581 771582 771583 771584 771568 771569 771570 530277 771571 771572 771573 771683 771684 771685 771686 771687 771688 771654 771655 771656 771657 771658 771556 771557 771558 771559 771560 771561 771562 530293 530294 530295 530296 530297 530298 23326 23327 23328 23329 23330 36538 36539 36540 36541 36542 72342 72343 72344 72345 72336 72337 72338 15 16 17 18 19 20 - 0.07937
11 12 13 37370 37371 37372 37373 37374 37375 37376 37377 37378 37379 37380 37381 37382 37383 37384 37385 37386 37387 37388 37389 37390 37391 37392 37393 37394 37395 37396 37397 37398 37399 37400 37401 37402 37403 37404 37405 37406 37407 37408 37409 37410 37411 37412 37413 37414 37415 690714 690715 690716 690717 690718 690719 690720 690721 690729 690727 690728 771589 771590 771624 771625 771626 771627 771628 771629 771630 771631 771632 771633 771634 771635 771636 771637 771638 771639 771640 771641 771642 771643 771644 771645 771646 771647 771648 771612 771613 771614 771615 771616 771581 771582 771583 771584 771568 771569 771570 530277 771571 771572 771573 771683 771684 771685 771686 771687 771688 771654 771655 771656 771657 771658 771556 771557 771558 771559 771560 771561 771562 530293 530294 530295 530296 530297 530298 23326 23327 23328 23329 23330 36538 36539 36540 36541 36542 72342 72343 72344 72345 72336 72337 72338 15 16 17 18 19 20 21 22 23 - 0.07872
14 23338 23339 23340 72348 72349 72350 72351 72352 72333 72334 72335 23332 23331 23330 23329 23328 23327 23326 23325 23324 530288 530289 530290 530291 530292 530293 771562 771561 771560 771559 771558 771557 771556 771591 771660 771661 771662 771663 771664 771665 771666 771649 771650 771667 771668 771669 771670 771575 771576 771577 771578 771579 771580 771563 771564 771565 771566 771585 771586 771587 771588 771620 771621 771622 530282 771623 771610 771592 771593 771594 771595 771596 771597 771598 771599 771600 771601 771602 771603 771604 771605 771606 771607 771608 771609 771590 771589 690728 690730 690731 690725 690726 690710 690711 690712 690713 690709 37415 37414 37413 37412 37411 37410 37409 37408 37407 37406 37405 37404 37403 37402 37401 37400 37399 37398 37397 37396 37395 37394 37393 37392 37391 37390 37389 37388 37387 37386 37385 37384 37383 37382 37381 37380 37379 37378 37377 37376 37375 37374 37373 37372 37371 37370 13 12 11 10 9 8 829462 829463 829464 829465 705675 829466 829467 705679 705698 829468 705703 705682 905955 905954 905953 905952 905951 905950 905949 905948 905947 905946 905945 905944 905943 905942 905941 905999 905998 905997 905996 905995 905994 905993 905992 905991 905990 905989 905988 905987 905986 905985 905984 905983 905956 905957 905958 905959 905960 905961 905962 905963 905964 905965 905966 905967 905968 905969 905970 906005 906004 906003 906002 906001 906000 906129 906128 906127 906126 906125 906124 906123 906122 906121 906120 906072 906071 906070 906069 906068 906067 906066 906065 906064 906063 906062 906061 906060 906059 906058 906057 906056 906055 906054 906053 906052 906051 906050 906049 906048 906047 906046 906045 906044 906043 906042 906041 906040 906039 906038 906037 906036 906035 906034 906033 906032 7 6 5 4 3 - 0.15893
15 14 23338 23339 23340 72348 72349 72350 72351 72352 72333 72334 72335 23332 23331 23330 23329 23328 23327 23326 23325 23324 530288 530289 530290 530291 530292 530293 771562 771561 771560 771559 771558 771557 771556 771591 771660 771661 771662 771663 771664 771665 771666 771649 771650 771667 771668 771669 771670 771575 771576 771577 771578 771579 771580 771563 771564 771565 771566 771585 771586 771587 771588 771620 771621 771622 530282 771623 771610 771592 771593 771594 771595 771596 771597 771598 771599 771600 771601 771602 771603 771604 771605 771606 771607 771608 771609 771590 771589 690728 690730 690731 690725 690726 690710 690711 690712 690713 690709 37415 37414 37413 37412 37411 37410 37409 37408 37407 37406 37405 37404 37403 37402 37401 37400 37399 37398 37397 37396 37395 37394 37393 37392 37391 37390 37389 37388 37387 37386 37385 37384 37383 37382 37381 37380 37379 37378 37377 37376 37375 37374 37373 37372 37371 37370 13 12 11 10 9 8 829462 829463 829464 829465 705675 829466 829467 705679 705698 829468 705703 705682 905955 905954 905953 905952 905951 905950 905949 905948 905947 905946 905945 905944 905943 905942 905941 905999 905998 905997 905996 905995 905994 905993 905992 905991 905990 905989 905988 905987 905986 905985 905984 905983 905956 905957 905958 905959 905960 905961 905962 905963 905964 905965 905966 905967 905968 905969 905970 906005 906004 906003 906002 906001 906000 906129 906128 906127 906126 906125 906124 906123 906122 906121 906120 906072 906071 906070 906069 906068 906067 906066 906065 906064 906063 906062 906061 906060 906059 906058 906057 906056 906055 906054 906053 906052 906051 906050 906049 906048 906047 906046 906045 906044 906043 906042 906041 906040 906039 906038 906037 906036 906035 906034 906033 906032 7 6 5 4 3 2 - 0.16091
16 17 18 19 20 21 22 23 24 34373 34374 34375 34376 34377 34412 34413 34414 34415 34395 34396 34397 34398 34399 34400 44569 44570 44564 36588 23201 44565 44566 34383 34384 34385 34378 34387 596268 596267 596266 596241 47634 596249 596265 596264 596263 596269 744568 8239 744567 596270 744566 744565 744564 596277 744563 744562 744561 744560 744351 744352 744353 744354 744355 744356 744357 744358 744359 744360 744361 744362 744363 744364 744365 744366 744367 744368 744369 744370 744371 744372 744373 744374 744375 744376 744377 596283 744378 744379 744380 744381 744382 744383 744384 674424 744385 744386 744387 744388 85232 744389 744390 744391 744392 744393 744394 744395 744396 744397 744398 744399 744400 744401 744402 85492 744403 744404 744405 744406 744407 744408 744409 744410 744411 744412 744413 744414 744415 744416 744417 52932 52931 52930 52929 52928 52927 52926 52925 52924 52923 52922 52921 52920 52919 52918 52917 52916 52915 47732 52914 52913 52912 52911 52910 52909 52908 52907 52906 52905 52904 52903 52902 52901 52900 52899 52898 52897 52896 52895 52894 52893 52892 52891 52890 52889 52888 52887 52886 52885 52884 52883 52882 52881 52880 52879 52878 52877 52876 52875 52874 52873 52872 52871 52870 52869 52868 52867 52866 52865 52864 15287 52863 52862 52861 52860 52859 52858 52857 52856 52855 52854 52853 52852 52851 52850 52849 52848 52847 52846 52845 52844 52843 52842 52841 52840 52839 52838 52837 52836 52835 52834 52833 52832 52831 52830 52829 52828 52827 52826 52825 52824 52823 52822 52821 52820 52819 52818 52817 52816 52815 52814 52813 52812 52811 52810 52809 52808 52807 52806 52805 52804 52803 52802 52801 52800 52799 52798 52797 52796 52795 52794 52793 52792 52791 52790 52789 52788 52787 52786 52785 52784 52783 52782 52781 52780 52779 52778 52777 52776 52775 52774 52773 52772 52771 52770 52769 52768 52767 52766 52765 52764 52763 52762 52761 52760 52759 52758 52757 49830 744454 744453 744452 744451 744450 744449 744448 744447 744446 744445 744444 744443 744442 744441 744440 744463 744462 744461 744460 744459 744458 744457 744456 744455 744350 744349 744348 744347 744346 744345 744344 590774 744343 744342 744341 744340 744339 5711 5712 5713 5714 5715 5716 5717 5718 5719 5720 5721 5722 5723 5724 5725 5726 5727 5728 5729 5730 5731 5732 5733 5734 5735 5736 5737 5738 5739 5740 5741 5742 5743 5744 5745 5746 5747 5748 5749 5750 5751 5752 5753 5754 5755 5756 5757 5758 5759 5760 5761 5762 5763 5764 5765 5766 5767 5768 5769 5770 5771 5772 5773 5774 5775 5776 5777 5778 5779 5780 5781 5782 5783 5784 5785 5786 5787 5788 5789 5790 5791 5792 5793 5794 5795 5796 5797 5798 5799 5800 5801 5802 5803 5804 5805 5806 5807 5808 5809 5810 5811 5812 5813 5814 5815 5816 5817 5818 5819 5820 5821 5822 5823 5824 5825 5826 5827 5828 5829 5830 5831 5832 5833 5834 5835 5836 5837 5838 5839 5840 5841 5842 5843 5844 5845 5846 5847 5848 5849 5850 5851 5852 5853 5854 5855 5856 5857 5858 5859 5860 5861 5862 5863 5864 5865 5866 5867 5868 5869 5870 5871 5872 5873 5874 5875 5876 5877 5878 5879 5880 5881 5882 5883 5884 5885 5886 5887 5888 5889 5890 5891 5892 5893 5894 5895 5896 5897 5898 5899 5900 5901 5902 5903 5904 5905 5906 5907 5908 5909 5910 5911 5912 5913 5914 5915 5916 5917 5918 5919 5920 5921 5922 5923 5924 5925 5926 5927 5928 5929 5930 5931 5932 5933 5934 5935 5936 5937 5938 5939 5940 5941 5942 5943 5944 5945 5946 5947 5948 5949 5950 5951 5952 5953 5954 5955 5956 5957 5958 5959 5960 5961 5962 5963 5964 5965 5966 5967 5968 5969 5970 5971 5972 5973 52730 52729 52728 52727 52726 52725 52724 52723 52722 52721 52720 52719 52718 52717 52716 52715 52714 52713 52712 52711 52710 52709 52708 52707 52706 52705 52704 52703 52702 52701 52700 52699 52698 52697 52696 52695 52694 52693 52692 52691 52690 52689 52688 52687 52686 52685 52684 52683 52682 52681 52680 52679 52678 52677 52676 52675 52674 52673 52672 52671 52670 52669 52668 52667 52666 52665 52664 52663 52662 52661 52660 52659 52658 52657 52656 52655 52654 52653 52652 52651 52650 52649 52648 52647 52646 52645 52644 52643 52642 52641 52640 52639 52638 52637 52636 52635 52634 52633 52632 52631 52630 52629 52628 52627 52626 52625 52624 52623 52622 52621 52620 52619 52618 52617 52616 52615 52614 52613 52612 52611 52610 52609 52608 52607 52606 52605 52604 52603 52602 52601 52600 52599 52598 52597 52596 52595 52594 52593 52592 52591 52590 52589 52588 52587 52586 52585 52584 52583 52582 52581 52580 52579 52578 52577 52576 464589 464590 844812 844811 844810 844809 844808 844807 641459 464586 844806 844805 844804 22919 844803 844802 844801 844800 844799 844798 844797 844796 844795 844794 844793 844792 844791 844790 844789 844788 641401 55914 55913 55912 55911 55910 55909 55908 55907 55906 55905 55904 55903 55902 55901 55900 55899 55898 55897 55896 55895 55894 55893 55892 55891 55890 55889 55888 55887 55886 55885 55884 55883 55882 55881 55880 55879 55878 55877 55876 55875 55874 55873 55872 55871 55870 55869 55868 55867 55866 55865 55864 55863 55862 55861 55860 55859 55858 55857 55856 55855 55854 55853 55852 55851 55850 55849 55848 55847 55846 55845 55844 55843 55842 55841 55840 55839 55838 55837 55836 55835 55834 55833 55832 55831 55830 55829 55828 55827 55826 55825 55824 55823 55822 55821 55820 55819 55818 55817 55816 55815 55814 55813 55812 55811 55810 55809 55808 55807 55806 55805 55804 55803 55802 55801 55800 55799 55798 55797 55796 55795 55794 55793 55792 55791 55790 55789 55788 55787 55786 55785 55784 55783 55782 55781 55780 55779 55778 55777 55776 55775 55774 55773 55772 55771 55770 55769 55768 55767 55766 55765 55764 55763 55762 55761 55760 55759 55758 55757 55756 55755 55754 55753 55752 55751 55750 55749 55748 55747 55746 55745 55744 55743 55742 55741 55740 55739 55738 55737 55736 55735 55734 55733 55732 55731 55730 55729 55728 55727 55726 55725 55724 55723 55722 55721 55720 55719 55718 55717 55716 55715 55714 55713 55712 55711 55710 55709 55708 55707 55706 55705 55704 55703 55702 55701 55700 55699 55698 55697 55696 55695 55694 55693 55692 55691 55690 55689 55688 55687 55686 55685 55684 55683 55682 55681 55680 55679 55678 55677 55676 55675 55674 55673 55672 55671 23906 744271 744270 744269 744260 744259 744258 744257 744256 744255 744254 744253 744252 744251 744250 744249 744248 744247 744246 744245 744244 744243 744242 744241 744240 744239 744238 744237 744236 744235 744234 744233 744232 744231 744230 744229 744228 744227 744226 744225 744224 744223 744222 744221 744220 744219 744218 744217 744216 744215 744214 744213 744212 744211 744210 744209 744208 744207 744206 744205 744204 744203 744202 744201 744200 744199 744198 744197 744196 744195 744194 744193 744192 744191 744190 744189 744188 744187 744186 744185 744184 744183 744182 744181 744180 744179 744178 744177 744176 744175 744174 744173 744172 744171 744170 744169 744168 744167 744166 744165 744164 744163 744162 547019 8120 744161 744160 744159 744158 744157 744156 744155 744154 744153 744152 744151 744150 744149 744148 744147 744146 744145 744144 744143 667449 744142 744141 744140 744139 744138 744137 744136 744135 744134 744133 744132 744131 744130 744129 744128 744127 744126 744125 744124 744123 744122 744121 744120 744119 744118 744117 744116 744115 744114 744113 744112 744111 744110 744109 744108 744107 744106 744105 744104 744103 744102 744101 744100 744099 744098 744097 744096 744095 744094 744093 744092 744091 744090 744089 744088 744087 744086 744085 744084 744083 744082 744081 744080 744079 744078 744077 744076 744075 744074 744073 744072 744071 744070 744069 744068 744067 744066 744065 744064 744063 744062 744061 744060 744059 744058 60393 744057 744056 744055 744054 744053 744052 744051 744050 744049 744048 744047 744046 744045 744044 744043 744042 20459 20460 20461 43909 43910 43911 43912 43913 43914 43915 43916 43917 405797 405796 405795 405794 405793 405792 405791 405790 405789 405788 405787 405786 405785 405784 405783 405782 405781 405780 405779 405778 405777 8019 8018 8017 8016 8015 8014 8013 8012 8011 8010 8009 8008 8007 8006 8005 8004 39702 39701 39700 39699 39698 39697 39696 743869 743870 743871 743872 743873 743874 743875 743876 743877 743878 743879 743880 743881 743882 743883 743884 743885 71899 743886 743887 743888 743889 743890 743891 743892 743893 743894 743895 743896 743897 743898 743899 743900 743901 743902 743903 743904 743905 743906 743907 743908 743909 743910 743911 743912 743913 743914 743915 743916 743917 743918 410513 743919 743920 743921 408830 743922 743923 743924 743925 743926 743927 743928 743929 743930 743931 743932 743933 743934 743935 743936 743937 743938 743939 743940 743941 743942 743943 743974 743975 743976 743977 743978 743979 743980 743981 743982 743983 743984 743985 743986 743987 743988 743989 743990 743991 743992 743993 743994 743995 743996 743774 929673 920139 920100 929674 929675 929676 929677 929678 929679 929680 929681 929682 7928 7929 7930 7931 7932 7933 7934 7935 7936 7937 7938 7939 7940 7941 7942 7943 7944 7945 7946 7947 7948 7949 7950 7951 7952 7953 7954 7955 7956 630823 630824 630825 630826 630827 630828 630829 630830 630831 630832 27671 752336 752337 752338 752339 752340 752341 752342 752343 752344 752345 752346 752347 752348 752349 752350 752351 752352 752353 752354 752355 752356 752357 752358 752359 752360 752361 752362 752363 752364 752365 752366 752367 752368 752369 752370 752371 729433 729419 752372 630882 630883 630884 630885 630785 630786 630787 630788 631213 631214 631215 631216 631217 631218 631219 631220 631221 631222 631223 631224 631225 631226 631227 631228 631229 631230 631231 631232 631233 631234 631235 631236 906325 906326 906327 906328 906329 906330 906331 72994 72995 72996 72997 72998 72999 73000 73001 73002 906332 630854 630855 630856 630857 630858 630859 630860 630861 630862 630863 630864 630865 630866 630867 630868 628131 91989 91988 91987 91363 91364 91365 91366 91367 91368 872911 872912 872913 872914 872915 872916 872917 872918 872919 872920 364 622282 622283 622284 622285 622286 622287 622288 622289 622290 622291 622292 622293 622294 622295 622296 622297 622298 622299 622300 622301 622302 622303 622304 622305 622306 622307 622308 622309 622310 622311 622312 622313 622314 622315 622316 622317 622318 864817 864816 864815 864814 698732 864813 864812 864781 864811 864810 864809 864808 535985 864807 622256 622255 622254 49640 622253 622252 333 334 335 874643 874644 874645 874646 536764 874647 874648 874649 874639 874640 38567 535202 884176 884175 884174 884173 884172 884171 884170 535084 535085 31 32 - 2.80923
17 16 15 14 23338 23339 23340 72348 72349 72350 72351 72352 72333 72334 72335 23332 23331 23330 23329 23328 23327 23326 23325 23324 530288 530289 530290 530291 530292 530293 771562 771561 771560 771559 771558 771557 771556 771591 771660 771661 771662 771663 771664 771665 771666 771649 771650 771667 771668 771669 771670 771575 771576 771577 771578 771579 771580 771563 771564 771565 771566 771585 771586 771587 771588 771620 771621 771622 530282 771623 771610 771592 771593 771594 771595 771596 771597 771598 771599 771600 771601 771602 771603 771604 771605 771606 771607 771608 771609 771590 771589 690728 690730 690731 690725 690726 690710 690711 690712 690713 690709 37415 37414 37413 37412 37411 37410 37409 37408 37407 37406 37405 37404 37403 37402 37401 37400 37399 37398 37397 37396 37395 37394 37393 37392 37391 37390 37389 37388 37387 37386 37385 37384 37383 37382 37381 37380 37379 37378 37377 37376 37375 37374 37373 37372 37371 37370 13 12 11 10 9 8 829462 829463 829464 829465 705675 829466 829467 705679 705698 829468 705703 705682 905955 905954 905953 905952 905951 905950 905949 905948 905947 905946 905945 905944 905943 905942 905941 905999 905998 905997 905996 905995 905994 905993 905992 905991 905990 905989 905988 905987 905986 905985 905984 905983 905956 905957 905958 905959 905960 905961 905962 905963 905964 905965 905966 905967 905968 905969 905970 906005 906004 906003 906002 906001 906000 906129 906128 906127 906126 906125 906124 906123 906122 906121 906120 906072 906071 906070 906069 906068 906067 906066 906065 906064 906063 906062 906061 906060 906059 906058 906057 906056 906055 906054 906053 906052 906051 906050 906049 906048 906047 906046 906045 906044 906043 906042 906041 906040 906039 906038 906037 906036 906035 906034 906033 906032 7 6 5 - 0.14798
18 17 16 15 14 23338 23339 23340 72348 72349 72350 72351 72352 72333 72334 72335 23332 23331 23330 23329 23328 23327 23326 23325 23324 530288 530289 530290 530291 530292 530293 771562 771561 771560 771559 771558 771557 771556 771591 771660 771661 771662 771663 771664 771665 771666 771649 771650 771667 771668 771669 771670 771575 771576 771577 771578 771579 771580 771563 771564 771565 771566 771585 771586 771587 771588 771620 771621 771622 530282 771623 771610 771592 771593 771594 771595 771596 771597 771598 771599 771600 771601 771602 771603 771604 771605 771606 771607 771608 771609 771590 771589 690728 690730 690731 690725 690726 690710 690711 690712 690713 690709 37415 37414 37413 37412 37411 37410 37409 37408 37407 37406 37405 37404 37403 37402 37401 37400 37399 37398 37397 37396 37395 37394 37393 37392 37391 37390 37389 37388 37387 37386 37385 37384 37383 37382 37381 37380 37379 37378 37377 37376 37375 37374 37373 37372 37371 37370 13 12 11 10 9 8 829462 829463 829464 829465 705675 829466 829467 705679 705698 829468 705703 705682 905955 905954 905953 905952 905951 905950 905949 905948 905947 905946 905945 905944 905943 905942 905941 905999 905998 905997 905996 905995 905994 905993 905992 905991 905990 905989 905988 905987 905986 905985 905984 905983 905956 905957 905958 905959 905960 905961 905962 905963 905964 905965 905966 905967 905968 905969 905970 906005 906004 906003 906002 906001 906000 906129 906128 906127 906126 906125 906124 906123 906122 906121 906120 906072 906071 906070 906069 906068 906067 906066 906065 906064 906063 906062 906061 906060 906059 906058 906057 906056 906055 906054 906053 906052 906051 906050 906049 906048 906047 906046 906045 906044 906043 906042 906041 906040 906039 906038 906037 906036 906035 906034 906033 906032 7 6 5 - 0.14808
19 18 17 16 15 14 23338 23339 23340 72348 72349 72350 72351 72352 72333 72334 72335 23332 23331 23330 23329 23328 23327 23326 23325 23324 530288 530289 530290 530291 530292 530293 771562 771561 771560 771559 771558 771557 771556 771591 771660 771661 771662 771663 771664 771665 771666 771649 771650 771667 771668 771669 771670 771575 771576 771577 771578 771579 771580 771563 771564 771565 771566 771585 771586 771587 771588 771620 771621 771622 530282 771623 771610 771592 771593 771594 771595 771596 771597 771598 771599 771600 771601 771602 771603 771604 771605 771606 771607 771608 771609 771590 771589 690728 690730 690731 690725 690726 690710 690711 690712 690713 690709 37415 37414 37413 37412 37411 37410 37409 37408 37407 37406 37405 37404 37403 37402 37401 37400 37399 37398 37397 37396 37395 37394 37393 37392 37391 37390 37389 37388 37387 37386 37385 37384 37383 37382 37381 37380 37379 37378 37377 37376 37375 37374 37373 37372 37371 37370 13 12 11 10 - 0.07999
20 21 22 23 24 34373 34374 34375 34376 34377 34412 34413 34414 34415 34395 34396 34397 34398 34399 34400 44569 44570 44564 36588 23201 44565 44566 34383 34384 34385 34378 34387 596268 596267 596266 596241 47634 596249 596265 596264 596263 596269 744568 8239 744567 596270 744566 744565 744564 596277 744563 744562 744561 744560 744351 744352 744353 744354 744355 744356 744357 744358 744359 744360 744361 744362 744363 744364 744365 744366 744367 744368 744369 744370 744371 744372 744373 744374 744375 744376 744377 596283 744378 744379 744380 744381 744382 744383 744384 674424 744385 744386 744387 744388 85232 744389 744390 744391 744392 744393 744394 744395 744396 744397 744398 744399 744400 744401 744402 85492 744403 744404 744405 744406 744407 744408 744409 744410 744411 744412 744413 744414 744415 744416 744417 52932 52931 52930 52929 52928 52927 52926 52925 52924 52923 52922 52921 52920 52919 52918 52917 52916 52915 47732 52914 52913 52912 52911 52910 52909 52908 52907 52906 52905 52904 52903 52902 52901 52900 52899 52898 52897 52896 52895 52894 52893 52892 52891 52890 52889 52888 52887 52886 52885 52884 52883 52882 52881 52880 52879 52878 52877 52876 52875 52874 52873 52872 52871 52870 52869 52868 52867 52866 52865 52864 15287 52863 52862 52861 52860 52859 52858 52857 52856 52855 52854 52853 52852 52851 52850 52849 52848 52847 52846 52845 52844 52843 52842 52841 52840 52839 52838 52837 52836 52835 52834 52833 52832 52831 52830 52829 52828 52827 52826 52825 52824 52823 52822 52821 52820 52819 52818 52817 52816 52815 52814 52813 52812 52811 52810 52809 52808 52807 52806 52805 52804 52803 52802 52801 52800 52799 52798 52797 52796 52795 52794 52793 52792 52791 52790 52789 52788 52787 52786 52785 52784 52783 52782 52781 52780 52779 52778 52777 52776 52775 52774 52773 52772 52771 52770 52769 52768 52767 52766 52765 52764 52763 52762 52761 52760 52759 52758 52757 49830 744454 744453 744452 744451 744450 744449 744448 744447 744446 744445 744444 744443 744442 744441 744440 744463 744462 744461 744460 744459 744458 744457 744456 744455 744350 744349 744348 744347 744346 744345 744344 590774 744343 744342 744341 744340 744339 5711 5712 5713 5714 5715 5716 5717 5718 5719 5720 5721 5722 5723 5724 5725 5726 5727 5728 5729 5730 5731 5732 5733 5734 5735 5736 5737 5738 5739 5740 5741 5742 5743 5744 5745 5746 5747 5748 5749 5750 5751 5752 5753 5754 5755 5756 5757 5758 5759 5760 5761 5762 5763 5764 5765 5766 5767 5768 5769 5770 5771 5772 5773 5774 5775 5776 5777 5778 5779 5780 5781 5782 5783 5784 5785 5786 5787 5788 5789 5790 5791 5792 5793 5794 5795 5796 5797 5798 5799 5800 5801 5802 5803 5804 5805 5806 5807 5808 5809 5810 5811 5812 5813 5814 5815 5816 5817 5818 5819 5820 5821 5822 5823 5824 5825 5826 5827 5828 5829 5830 5831 5832 5833 5834 5835 5836 5837 5838 5839 5840 5841 5842 5843 5844 5845 5846 5847 5848 5849 5850 5851 5852 5853 5854 5855 5856 5857 5858 5859 5860 5861 5862 5863 5864 5865 5866 5867 5868 5869 5870 5871 5872 5873 5874 5875 5876 5877 5878 5879 5880 5881 5882 5883 5884 5885 5886 5887 5888 5889 5890 5891 5892 5893 5894 5895 5896 5897 5898 5899 5900 5901 5902 5903 5904 5905 5906 5907 5908 5909 5910 5911 5912 5913 5914 5915 5916 5917 5918 5919 5920 5921 5922 5923 5924 5925 5926 5927 5928 5929 5930 5931 5932 5933 5934 5935 5936 5937 5938 5939 5940 5941 5942 5943 5944 5945 5946 5947 5948 5949 5950 5951 5952 5953 5954 5955 5956 5957 5958 5959 5960 5961 5962 5963 5964 5965 5966 5967 5968 5969 5970 5971 5972 5973 52730 52729 52728 52727 52726 52725 52724 52723 52722 52721 52720 52719 52718 52717 52716 52715 52714 52713 52712 52711 52710 52709 52708 52707 52706 52705 52704 52703 52702 52701 52700 52699 52698 52697 52696 52695 52694 52693 52692 52691 52690 52689 52688 52687 52686 52685 52684 52683 52682 52681 52680 52679 52678 52677 52676 52675 52674 52673 52672 52671 52670 52669 52668 52667 52666 52665 52664 52663 52662 52661 52660 52659 52658 52657 52656 52655 52654 52653 52652 52651 52650 52649 52648 52647 52646 52645 52644 52643 52642 52641 52640 52639 52638 52637 52636 52635 52634 52633 52632 52631 52630 52629 52628 52627 52626 52625 52624 52623 52622 52621 52620 52619 52618 52617 52616 52615 52614 52613 52612 52611 52610 52609 52608 52607 52606 52605 52604 52603 52602 52601 52600 52599 52598 52597 52596 52595 52594 52593 52592 52591 52590 52589 52588 52587 52586 52585 52584 52583 52582 52581 52580 52579 52578 52577 52576 464589 464590 844812 844811 844810 844809 844808 844807 641459 464586 844806 844805 844804 22919 844803 844802 844801 844800 844799 844798 844797 844796 844795 844794 844793 844792 844791 844790 844789 844788 641401 55914 55913 55912 55911 55910 55909 55908 55907 55906 55905 55904 55903 55902 55901 55900 55899 55898 55897 55896 55895 55894 55893 55892 55891 55890 55889 55888 55887 55886 55885 55884 55883 55882 55881 55880 55879 55878 55877 55876 55875 55874 55873 55872 55871 55870 55869 55868 55867 55866 55865 55864 55863 55862 55861 55860 55859 55858 55857 55856 55855 55854 55853 55852 55851 55850 55849 55848 55847 55846 55845 55844 55843 55842 55841 55840 55839 55838 55837 55836 55835 55834 55833 55832 55831 55830 55829 55828 55827 55826 55825 55824 55823 55822 55821 55820 55819 55818 55817 55816 55815 55814 55813 55812 55811 55810 55809 55808 55807 55806 55805 55804 55803 55802 55801 55800 55799 55798 55797 55796 55795 55794 55793 55792 55791 55790 55789 55788 55787 55786 55785 55784 55783 55782 55781 55780 55779 55778 55777 55776 55775 55774 55773 55772 55771 55770 55769 55768 55767 55766 55765 55764 55763 55762 55761 55760 55759 55758 55757 55756 55755 55754 55753 55752 55751 55750 55749 55748 55747 55746 55745 55744 55743 55742 55741 55740 55739 55738 55737 55736 55735 55734 55733 55732 55731 55730 55729 55728 55727 55726 55725 55724 55723 55722 55721 55720 55719 55718 55717 55716 55715 55714 55713 55712 55711 55710 55709 55708 55707 55706 55705 55704 55703 55702 55701 55700 55699 55698 55697 55696 55695 55694 55693 55692 55691 55690 55689 55688 55687 55686 55685 55684 55683 55682 55681 55680 55679 55678 55677 55676 55675 55674 55673 55672 55671 23906 744271 744270 744269 744260 744259 744258 744257 744256 744255 744254 744253 744252 744251 744250 744249 744248 744247 744246 744245 744244 744243 744242 744241 744240 744239 744238 744237 744236 744235 744234 744233 744232 744231 744230 744229 744228 744227 744226 744225 744224 744223 744222 744221 744220 744219 744218 744217 744216 744215 744214 744213 744212 744211 744210 744209 744208 744207 744206 744205 744204 744203 744202 744201 744200 744199 744198 744197 744196 744195 744194 744193 744192 744191 744190 744189 744188 744187 744186 744185 744184 744183 744182 744181 744180 744179 744178 744177 744176 744175 744174 744173 744172 744171 744170 744169 744168 744167 744166 744165 744164 744163 744162 547019 8120 744161 744160 744159 744158 744157 744156 744155 744154 744153 744152 744151 744150 744149 744148 744147 744146 744145 744144 744143 667449 744142 744141 744140 744139 744138 744137 744136 744135 744134 744133 744132 744131 744130 744129 744128 744127 744126 744125 744124 744123 744122 744121 744120 744119 744118 744117 744116 744115 744114 744113 744112 744111 744110 744109 744108 744107 744106 744105 744104 744103 744102 744101 744100 744099 744098 744097 744096 744095 744094 744093 744092 744091 744090 744089 744088 744087 744086 744085 744084 744083 744082 744081 744080 744079 744078 744077 744076 744075 744074 744073 744072 744071 744070 744069 744068 744067 744066 744065 744064 744063 744062 744061 744060 744059 744058 60393 744057 744056 744055 744054 744053 744052 744051 744050 744049 744048 744047 744046 744045 744044 744043 744042 20459 20460 20461 43909 43910 43911 43912 43913 43914 43915 43916 43917 405797 405796 405795 405794 405793 405792 405791 405790 405789 405788 405787 405786 405785 405784 405783 405782 405781 405780 405779 405778 405777 8019 8018 8017 8016 8015 8014 8013 8012 - 2.52267
21 22 23 24 34373 34374 34375 34376 34377 34412 34413 34414 34415 34395 34396 34397 34398 34399 34400 44569 44570 44564 36588 23201 44565 44566 34383 34384 34385 34378 34387 596268 596267 596266 596241 47634 596249 596265 596264 596263 596269 744568 8239 744567 596270 744566 744565 744564 596277 744563 744562 744561 744560 744351 744352 744353 744354 744355 744356 744357 744358 744359 744360 744361 744362 744363 744364 744365 744366 744367 744368 744369 744370 744371 744372 744373 744374 744375 744376 744377 596283 744378 744379 744380 744381 744382 744383 744384 674424 744385 744386 744387 744388 85232 744389 744390 744391 744392 744393 744394 744395 744396 744397 744398 744399 744400 744401 744402 85492 744403 744404 744405 744406 744407 744408 744409 744410 744411 744412 744413 744414 744415 744416 744417 52932 52931 52930 52929 52928 52927 52926 52925 52924 52923 52922 52921 52920 52919 52918 52917 52916 52915 47732 52914 52913 52912 52911 52910 52909 52908 52907 52906 52905 52904 52903 52902 52901 52900 52899 52898 52897 52896 52895 52894 52893 52892 52891 52890 52889 52888 52887 52886 52885 52884 52883 52882 52881 52880 52879 52878 52877 52876 52875 52874 52873 52872 52871 52870 52869 52868 52867 52866 52865 52864 15287 52863 52862 52861 52860 52859 52858 52857 52856 52855 52854 52853 52852 52851 52850 52849 52848 52847 52846 52845 52844 52843 52842 52841 52840 52839 52838 52837 52836 52835 52834 52833 52832 52831 52830 52829 52828 52827 52826 52825 52824 52823 52822 52821 52820 52819 52818 52817 52816 52815 52814 52813 52812 52811 52810 52809 52808 52807 52806 52805 52804 52803 52802 52801 52800 52799 52798 52797 52796 52795 52794 52793 52792 52791 52790 52789 52788 52787 52786 52785 52784 52783 52782 52781 52780 52779 52778 52777 52776 52775 52774 52773 52772 52771 52770 52769 52768 52767 52766 52765 52764 52763 52762 52761 52760 52759 52758 52757 49830 744454 744453 744452 744451 744450 744449 744448 744447 744446 744445 744444 744443 744442 744441 744440 744463 744462 744461 744460 744459 744458 744457 744456 744455 744350 744349 744348 744347 744346 744345 744344 590774 744343 744342 744341 744340 744339 5711 5712 5713 5714 5715 5716 5717 5718 5719 5720 5721 5722 5723 5724 5725 5726 5727 5728 5729 5730 5731 5732 5733 5734 5735 5736 5737 5738 5739 5740 5741 5742 5743 5744 5745 5746 5747 5748 5749 5750 5751 5752 5753 5754 5755 5756 5757 5758 5759 5760 5761 5762 5763 5764 5765 5766 5767 5768 5769 5770 5771 5772 5773 5774 5775 5776 5777 5778 5779 5780 5781 5782 5783 5784 5785 5786 5787 5788 5789 5790 5791 5792 5793 5794 5795 5796 5797 5798 5799 5800 5801 5802 5803 5804 5805 5806 5807 5808 5809 5810 5811 5812 5813 5814 5815 5816 5817 5818 5819 5820 5821 5822 5823 5824 5825 5826 5827 5828 5829 5830 5831 5832 5833 5834 5835 5836 5837 5838 5839 5840 5841 5842 5843 5844 5845 5846 5847 5848 5849 5850 5851 5852 5853 5854 5855 5856 5857 5858 5859 5860 5861 5862 5863 5864 5865 5866 5867 5868 5869 5870 5871 5872 5873 5874 5875 5876 5877 5878 5879 5880 5881 5882 5883 5884 5885 5886 5887 5888 5889 5890 5891 5892 5893 5894 5895 5896 5897 5898 5899 5900 5901 5902 5903 5904 5905 5906 5907 5908 5909 5910 5911 5912 5913 5914 5915 5916 5917 5918 5919 5920 5921 5922 5923 5924 5925 5926 5927 5928 5929 5930 5931 5932 5933 5934 5935 5936 5937 5938 5939 5940 5941 5942 5943 5944 5945 5946 5947 5948 5949 5950 5951 5952 5953 5954 5955 5956 5957 5958 5959 5960 5961 5962 5963 5964 5965 5966 5967 5968 5969 5970 5971 5972 5973 52730 52729 52728 52727 52726 52725 52724 52723 52722 52721 52720 52719 52718 52717 52716 52715 52714 52713 52712 52711 52710 52709 52708 52707 52706 52705 52704 52703 52702 52701 52700 52699 52698 52697 52696 52695 52694 52693 52692 52691 52690 52689 52688 52687 52686 52685 52684 52683 52682 52681 52680 52679 52678 52677 52676 52675 52674 52673 52672 52671 52670 52669 52668 52667 52666 52665 52664 52663 52662 52661 52660 52659 52658 52657 52656 52655 52654 52653 52652 52651 52650 52649 52648 52647 52646 52645 52644 52643 52642 52641 52640 52639 52638 52637 52636 52635 52634 52633 52632 52631 52630 52629 52628 52627 52626 52625 52624 52623 52622 52621 52620 52619 52618 52617 52616 52615 52614 52613 52612 52611 52610 52609 52608 52607 52606 52605 52604 52603 52602 52601 52600 52599 52598 52597 52596 52595 52594 52593 52592 52591 52590 52589 52588 52587 52586 52585 52584 52583 52582 52581 52580 52579 52578 52577 52576 464589 464590 844812 844811 844810 844809 844808 844807 641459 464586 844806 844805 844804 22919 844803 844802 844801 844800 844799 844798 844797 844796 844795 844794 844793 844792 844791 844790 844789 844788 641401 55914 55913 55912 55911 55910 55909 55908 55907 55906 55905 55904 55903 55902 55901 55900 55899 55898 55897 55896 55895 55894 55893 55892 55891 55890 55889 55888 55887 55886 55885 55884 55883 55882 55881 55880 55879 55878 55877 55876 55875 55874 55873 55872 55871 55870 55869 55868 55867 55866 55865 55864 55863 55862 55861 55860 55859 55858 55857 55856 55855 55854 55853 55852 55851 55850 55849 55848 55847 55846 55845 55844 55843 55842 55841 55840 55839 55838 55837 55836 55835 55834 55833 55832 55831 55830 55829 55828 55827 55826 55825 55824 55823 55822 55821 55820 55819 55818 55817 55816 55815 55814 55813 55812 55811 55810 55809 55808 55807 55806 55805 55804 55803 55802 55801 55800 55799 55798 55797 55796 55795 55794 55793 55792 55791 55790 55789 55788 55787 55786 55785 55784 55783 55782 55781 55780 55779 55778 55777 55776 55775 55774 55773 55772 55771 55770 55769 55768 55767 55766 55765 55764 55763 55762 55761 55760 55759 55758 55757 55756 55755 55754 55753 55752 55751 55750 55749 55748 55747 55746 55745 55744 55743 55742 55741 55740 55739 55738 55737 55736 55735 55734 55733 55732 55731 55730 55729 55728 55727 55726 55725 55724 55723 55722 55721 55720 55719 55718 55717 55716 55715 55714 55713 55712 55711 55710 55709 55708 55707 55706 55705 55704 55703 55702 55701 55700 55699 55698 55697 55696 55695 55694 55693 55692 55691 55690 55689 55688 55687 55686 55685 55684 55683 55682 55681 55680 55679 55678 55677 55676 55675 55674 55673 55672 55671 23906 744271 744270 744269 744260 744259 744258 744257 744256 744255 744254 744253 744252 744251 744250 744249 744248 744247 744246 744245 744244 744243 744242 744241 744240 744239 744238 744237 744236 744235 744234 744233 744232 744231 744230 744229 744228 744227 744226 744225 744224 744223 744222 744221 744220 744219 744218 744217 744216 744215 744214 744213 744212 744211 744210 744209 744208 744207 744206 744205 744204 744203 744202 744201 744200 744199 744198 744197 744196 744195 744194 744193 744192 744191 744190 744189 744188 744187 744186 744185 744184 744183 744182 744181 744180 744179 744178 744177 744176 744175 744174 744173 744172 744171 744170 744169 744168 744167 744166 744165 744164 744163 744162 547019 8120 744161 744160 744159 744158 744157 744156 744155 744154 744153 744152 744151 744150 744149 744148 744147 744146 744145 744144 744143 667449 744142 744141 744140 744139 744138 744137 744136 744135 744134 744133 744132 744131 744130 744129 744128 744127 744126 744125 744124 744123 744122 744121 744120 744119 744118 744117 744116 744115 744114 744113 744112 744111 744110 744109 744108 744107 744106 744105 744104 744103 744102 744101 744100 744099 744098 744097 744096 744095 744094 744093 744092 744091 744090 744089 744088 744087 744086 744085 744084 744083 744082 744081 744080 744079 744078 744077 744076 744075 744074 744073 744072 744071 744070 744069 744068 744067 744066 744065 744064 744063 744062 744061 744060 744059 744058 60393 744057 744056 744055 744054 744053 744052 744051 744050 744049 744048 744047 744046 744045 744044 744043 744042 20459 20460 20461 43909 43910 43911 43912 43913 43914 43915 43916 43917 405797 405796 405795 405794 405793 405792 405791 405790 405789 405788 405787 405786 405785 405784 405783 405782 405781 405780 405779 405778 405777 8019 8018 8017 8016 8015 8014 8013 8012 - 2.52257
22 23 24 34373 34374 34375 34376 34377 34412 34413 34414 34415 34395 34396 34397 34398 34399 34400 44569 44570 44564 36588 23201 44565 44566 34383 34384 34385 34378 34387 596268 596267 596266 596241 47634 596249 596265 596264 596263 596269 744568 8239 744567 596270 744566 744565 744564 596277 744563 744562 744561 744560 744351 744352 744353 744354 744355 744356 744357 744358 744359 744360 744361 744362 744363 744364 744365 744366 744367 744368 744369 744370 744371 744372 744373 744374 744375 744376 744377 596283 744378 744379 744380 744381 744382 744383 744384 674424 744385 744386 744387 744388 85232 744389 744390 744391 744392 744393 744394 744395 744396 744397 744398 744399 744400 744401 744402 85492 744403 744404 744405 744406 744407 744408 744409 744410 744411 744412 744413 744414 744415 744416 744417 52932 52931 52930 52929 52928 52927 52926 52925 52924 52923 52922 52921 52920 52919 52918 52917 52916 52915 47732 52914 52913 52912 52911 52910 52909 52908 52907 52906 52905 52904 52903 52902 52901 52900 52899 52898 52897 52896 52895 52894 52893 52892 52891 52890 52889 52888 52887 52886 52885 52884 52883 52882 52881 52880 52879 52878 52877 52876 52875 52874 52873 52872 52871 52870 52869 52868 52867 52866 52865 52864 15287 52863 52862 52861 52860 52859 52858 52857 52856 52855 52854 52853 52852 52851 52850 52849 52848 52847 52846 52845 52844 52843 52842 52841 52840 52839 52838 52837 52836 52835 52834 52833 52832 52831 52830 52829 52828 52827 52826 52825 52824 52823 52822 52821 52820 52819 52818 52817 52816 52815 52814 52813 52812 52811 52810 52809 52808 52807 52806 52805 52804 52803 52802 52801 52800 52799 52798 52797 52796 52795 52794 52793 52792 52791 52790 52789 52788 52787 52786 52785 52784 52783 52782 52781 52780 52779 52778 52777 52776 52775 52774 52773 52772 52771 52770 52769 52768 52767 52766 52765 52764 52763 52762 52761 52760 52759 52758 52757 49830 744454 744453 744452 744451 744450 744449 744448 744447 744446 744445 744444 744443 744442 744441 744440 744463 744462 744461 744460 744459 744458 744457 744456 744455 744350 744349 744348 744347 744346 744345 744344 590774 744343 744342 744341 744340 744339 5711 5712 5713 5714 5715 5716 5717 5718 5719 5720 5721 5722 5723 5724 5725 5726 5727 5728 5729 5730 5731 5732 5733 5734 5735 5736 5737 5738 5739 5740 5741 5742 5743 5744 5745 5746 5747 5748 5749 5750 5751 5752 5753 5754 5755 5756 5757 5758 5759 5760 5761 5762 5763 5764 5765 5766 5767 5768 5769 5770 5771 5772 5773 5774 5775 5776 5777 5778 5779 5780 5781 5782 5783 5784 5785 5786 5787 5788 5789 5790 5791 5792 5793 5794 5795 5796 5797 5798 5799 5800 5801 5802 5803 5804 5805 5806 5807 5808 5809 5810 5811 5812 5813 5814 5815 5816 5817 5818 5819 5820 5821 5822 5823 5824 5825 5826 5827 5828 5829 5830 5831 5832 5833 5834 5835 5836 5837 5838 5839 5840 5841 5842 5843 5844 5845 5846 5847 5848 5849 5850 5851 5852 5853 5854 5855 5856 5857 5858 5859 5860 5861 5862 5863 5864 5865 5866 5867 5868 5869 5870 5871 5872 5873 5874 5875 5876 5877 5878 5879 5880 5881 5882 5883 5884 5885 5886 5887 5888 5889 5890 5891 5892 5893 5894 5895 5896 5897 5898 5899 5900 5901 5902 5903 5904 5905 5906 5907 5908 5909 5910 5911 5912 5913 5914 5915 5916 5917 5918 5919 5920 5921 5922 5923 5924 5925 5926 5927 5928 5929 5930 5931 5932 5933 5934 5935 5936 5937 5938 5939 5940 5941 5942 5943 5944 5945 5946 5947 5948 5949 5950 5951 5952 5953 5954 5955 5956 5957 5958 5959 5960 5961 5962 5963 5964 5965 5966 5967 5968 5969 5970 5971 5972 5973 52730 52729 52728 52727 52726 52725 52724 52723 52722 52721 52720 52719 52718 52717 52716 52715 52714 52713 52712 52711 52710 52709 52708 52707 52706 52705 52704 52703 52702 52701 52700 52699 52698 52697 52696 52695 52694 52693 52692 52691 52690 52689 52688 52687 52686 52685 52684 52683 52682 52681 52680 52679 52678 52677 52676 52675 52674 52673 52672 52671 52670 52669 52668 52667 52666 52665 52664 52663 52662 52661 52660 52659 52658 52657 52656 52655 52654 52653 52652 52651 52650 52649 52648 52647 52646 52645 52644 52643 52642 52641 52640 52639 52638 52637 52636 52635 52634 52633 52632 52631 52630 52629 52628 52627 52626 52625 52624 52623 52622 52621 52620 52619 52618 52617 52616 52615 52614 52613 52612 52611 52610 52609 52608 52607 52606 52605 52604 52603 52602 52601 52600 52599 52598 52597 52596 52595 52594 52593 52592 52591 52590 52589 52588 52587 52586 52585 52584 52583 52582 52581 52580 52579 52578 52577 52576 464589 464590 844812 844811 844810 844809 844808 844807 641459 464586 844806 844805 844804 22919 844803 844802 844801 844800 844799 844798 844797 844796 844795 844794 844793 844792 844791 844790 844789 844788 641401 55914 55913 55912 55911 55910 55909 55908 55907 55906 55905 55904 55903 55902 55901 55900 55899 55898 55897 55896 55895 55894 55893 55892 55891 55890 55889 55888 55887 55886 55885 55884 55883 55882 55881 55880 55879 55878 55877 55876 55875 55874 55873 55872 55871 55870 55869 55868 55867 55866 55865 55864 55863 55862 55861 55860 55859 55858 55857 55856 55855 55854 55853 55852 55851 55850 55849 55848 55847 55846 55845 55844 55843 55842 55841 55840 55839 55838 55837 55836 55835 55834 55833 55832 55831 55830 55829 55828 55827 55826 55825 55824 55823 55822 55821 55820 55819 55818 55817 55816 55815 55814 55813 55812 55811 55810 55809 55808 55807 55806 55805 55804 55803 55802 55801 55800 55799 55798 55797 55796 55795 55794 55793 55792 55791 55790 55789 55788 55787 55786 55785 55784 55783 55782 55781 55780 55779 55778 55777 55776 55775 55774 55773 55772 55771 55770 55769 55768 55767 55766 55765 55764 55763 55762 55761 55760 55759 55758 55757 55756 55755 55754 55753 55752 55751 55750 55749 55748 55747 55746 55745 55744 55743 55742 55741 55740 55739 55738 55737 55736 55735 55734 55733 55732 55731 55730 55729 55728 55727 55726 55725 55724 55723 55722 55721 55720 55719 55718 55717 55716 55715 55714 55713 55712 55711 55710 55709 55708 55707 55706 55705 55704 55703 55702 55701 55700 55699 55698 55697 55696 55695 55694 55693 55692 55691 55690 55689 55688 55687 55686 55685 55684 55683 55682 55681 55680 55679 55678 55677 55676 55675 55674 55673 55672 55671 23906 744271 744270 744269 744260 744259 744258 744257 744256 744255 744254 744253 744252 744251 744250 744249 744248 744247 744246 744245 744244 744243 744242 744241 744240 744239 744238 744237 744236 744235 744234 744233 744232 744231 744230 744229 744228 744227 744226 744225 744224 744223 744222 744221 744220 744219 744218 744217 744216 744215 744214 744213 744212 744211 744210 744209 744208 744207 744206 744205 744204 744203 744202 744201 744200 744199 744198 744197 744196 744195 744194 744193 744192 744191 744190 744189 744188 744187 744186 744185 744184 744183 744182 744181 744180 744179 744178 744177 744176 744175 744174 744173 744172 744171 744170 744169 744168 744167 744166 744165 744164 744163 744162 547019 8120 744161 744160 744159 744158 744157 744156 744155 744154 744153 744152 744151 744150 744149 744148 744147 744146 744145 744144 744143 667449 744142 744141 744140 744139 744138 744137 744136 744135 744134 744133 744132 744131 744130 744129 744128 744127 744126 744125 744124 744123 744122 744121 744120 744119 744118 744117 744116 744115 744114 744113 744112 744111 744110 744109 744108 744107 744106 744105 744104 744103 744102 744101 744100 744099 744098 744097 744096 744095 744094 744093 744092 744091 744090 744089 744088 744087 744086 744085 744084 744083 744082 744081 744080 744079 744078 744077 744076 744075 744074 744073 744072 744071 744070 744069 744068 744067 744066 744065 744064 744063 744062 744061 744060 744059 744058 60393 744057 744056 744055 744054 744053 744052 744051 744050 744049 744048 744047 744046 744045 744044 744043 744042 20459 20460 20461 43909 43910 43911 43912 43913 43914 43915 43916 43917 405797 405796 405795 405794 405793 405792 405791 405790 405789 405788 405787 405786 405785 405784 405783 405782 405781 405780 405779 405778 405777 8019 8018 8017 8016 8015 8014 8013 8012 - 2.52251
23 24 34373 34374 34375 34376 34377 34412 34413 34414 34415 34395 34396 34397 34398 34399 34400 44569 44570 44564 36588 23201 44565 44566 34383 34384 34385 34378 34387 596268 596267 596266 596241 47634 596249 596265 596264 596263 596269 744568 8239 744567 596270 744566 744565 744564 596277 744563 744562 744561 744560 744351 744352 744353 744354 744355 744356 744357 744358 744359 744360 744361 744362 744363 744364 744365 744366 744367 744368 744369 744370 744371 744372 744373 744374 744375 744376 744377 596283 744378 744379 744380 744381 744382 744383 744384 674424 744385 744386 744387 744388 85232 744389 744390 744391 744392 744393 744394 744395 744396 744397 744398 744399 744400 744401 744402 85492 744403 744404 744405 744406 744407 744408 744409 744410 744411 744412 744413 744414 744415 744416 744417 52932 52931 52930 52929 52928 52927 52926 52925 52924 52923 52922 52921 52920 52919 52918 52917 52916 52915 47732 52914 52913 52912 52911 52910 52909 52908 52907 52906 52905 52904 52903 52902 52901 52900 52899 52898 52897 52896 52895 52894 52893 52892 52891 52890 52889 52888 52887 52886 52885 52884 52883 52882 52881 52880 52879 52878 52877 52876 52875 52874 52873 52872 52871 52870 52869 52868 52867 52866 52865 52864 15287 52863 52862 52861 52860 52859 52858 52857 52856 52855 52854 52853 52852 52851 52850 52849 52848 52847 52846 52845 52844 52843 52842 52841 52840 52839 52838 52837 52836 52835 52834 52833 52832 52831 52830 52829 52828 52827 52826 52825 52824 52823 52822 52821 52820 52819 52818 52817 52816 52815 52814 52813 52812 52811 52810 52809 52808 52807 52806 52805 52804 52803 52802 52801 52800 52799 52798 52797 52796 52795 52794 52793 52792 52791 52790 52789 52788 52787 52786 52785 52784 52783 52782 52781 52780 52779 52778 52777 52776 52775 52774 52773 52772 52771 52770 52769 52768 52767 52766 52765 52764 52763 52762 52761 52760 52759 52758 52757 49830 744454 744453 744452 744451 744450 744449 744448 744447 744446 744445 744444 744443 744442 744441 744440 744463 744462 744461 744460 744459 744458 744457 744456 744455 744350 744349 744348 744347 744346 744345 744344 590774 744343 744342 744341 744340 744339 5711 5712 5713 5714 5715 5716 5717 5718 5719 5720 5721 5722 5723 5724 5725 5726 5727 5728 5729 5730 5731 5732 5733 5734 5735 5736 5737 5738 5739 5740 5741 5742 5743 5744 5745 5746 5747 5748 5749 5750 5751 5752 5753 5754 5755 5756 5757 5758 5759 5760 5761 5762 5763 5764 5765 5766 5767 5768 5769 5770 5771 5772 5773 5774 5775 5776 5777 5778 5779 5780 5781 5782 5783 5784 5785 5786 5787 5788 5789 5790 5791 5792 5793 5794 5795 5796 5797 5798 5799 5800 5801 5802 5803 5804 5805 5806 5807 5808 5809 5810 5811 5812 5813 5814 5815 5816 5817 5818 5819 5820 5821 5822 5823 5824 5825 5826 5827 5828 5829 5830 5831 5832 5833 5834 5835 5836 5837 5838 5839 5840 5841 5842 5843 5844 5845 5846 5847 5848 5849 5850 5851 5852 5853 5854 5855 5856 5857 5858 5859 5860 5861 5862 5863 5864 5865 5866 5867 5868 5869 5870 5871 5872 5873 5874 5875 5876 5877 5878 5879 5880 5881 5882 5883 5884 5885 5886 5887 5888 5889 5890 5891 5892 5893 5894 5895 5896 5897 5898 5899 5900 5901 5902 5903 5904 5905 5906 5907 5908 5909 5910 5911 5912 5913 5914 5915 5916 5917 5918 5919 5920 5921 5922 5923 5924 5925 5926 5927 5928 5929 5930 5931 5932 5933 5934 5935 5936 5937 5938 5939 5940 5941 5942 5943 5944 5945 5946 5947 5948 5949 5950 5951 5952 5953 5954 5955 5956 5957 5958 5959 5960 5961 5962 5963 5964 5965 5966 5967 5968 5969 5970 5971 5972 5973 52730 52729 52728 52727 52726 52725 52724 52723 52722 52721 52720 52719 52718 52717 52716 52715 52714 52713 52712 52711 52710 52709 52708 52707 52706 52705 52704 52703 52702 52701 52700 52699 52698 52697 52696 52695 52694 52693 52692 52691 52690 52689 52688 52687 52686 52685 52684 52683 52682 52681 52680 52679 52678 52677 52676 52675 52674 52673 52672 52671 52670 52669 52668 52667 52666 52665 52664 52663 52662 52661 52660 52659 52658 52657 52656 52655 52654 52653 52652 52651 52650 52649 52648 52647 52646 52645 52644 52643 52642 52641 52640 52639 52638 52637 52636 52635 52634 52633 52632 52631 52630 52629 52628 52627 52626 52625 52624 52623 52622 52621 52620 52619 52618 52617 52616 52615 52614 52613 52612 52611 52610 52609 52608 52607 52606 52605 52604 52603 52602 52601 52600 52599 52598 52597 52596 52595 52594 52593 52592 52591 52590 52589 52588 52587 52586 52585 52584 52583 52582 52581 52580 52579 52578 52577 52576 464589 464590 844812 844811 844810 844809 844808 844807 641459 464586 844806 844805 844804 22919 844803 844802 844801 844800 844799 844798 844797 844796 844795 844794 844793 844792 844791 844790 844789 844788 641401 55914 55913 55912 55911 55910 55909 55908 55907 55906 55905 55904 55903 55902 55901 55900 55899 55898 55897 55896 55895 55894 55893 55892 55891 55890 55889 55888 55887 55886 55885 55884 55883 55882 55881 55880 55879 55878 55877 55876 55875 55874 55873 55872 55871 55870 55869 55868 55867 55866 55865 55864 55863 55862 55861 55860 55859 55858 55857 55856 55855 55854 55853 55852 55851 55850 55849 55848 55847 55846 55845 55844 55843 55842 55841 55840 55839 55838 55837 55836 55835 55834 55833 55832 55831 55830 55829 55828 55827 55826 55825 55824 55823 55822 55821 55820 55819 55818 55817 55816 55815 55814 55813 55812 55811 55810 55809 55808 55807 55806 55805 55804 55803 55802 55801 55800 55799 55798 55797 55796 55795 55794 55793 55792 55791 55790 55789 55788 55787 55786 55785 55784 55783 55782 55781 55780 55779 55778 55777 55776 55775 55774 55773 55772 55771 55770 55769 55768 55767 55766 55765 55764 55763 55762 55761 55760 55759 55758 55757 55756 55755 55754 55753 55752 55751 55750 55749 55748 55747 55746 55745 55744 55743 55742 55741 55740 55739 55738 55737 55736 55735 55734 55733 55732 55731 55730 55729 55728 55727 55726 55725 55724 55723 55722 55721 55720 55719 55718 55717 55716 55715 55714 55713 55712 55711 55710 55709 55708 55707 55706 55705 55704 55703 55702 55701 55700 55699 55698 55697 55696 55695 55694 55693 55692 55691 55690 55689 55688 55687 55686 55685 55684 55683 55682 55681 55680 55679 55678 55677 55676 55675 55674 55673 55672 55671 23906 744271 744270 744269 744260 744259 744258 744257 744256 744255 744254 744253 744252 744251 744250 744249 744248 744247 744246 744245 744244 744243 744242 744241 744240 744239 744238 744237 744236 744235 744234 744233 744232 744231 744230 744229 744228 744227 744226 744225 744224 744223 744222 744221 744220 744219 744218 744217 744216 744215 744214 744213 744212 744211 744210 744209 744208 744207 744206 744205 744204 744203 744202 744201 744200 744199 744198 744197 744196 744195 744194 744193 744192 744191 744190 744189 744188 744187 744186 744185 744184 744183 744182 744181 744180 744179 744178 744177 744176 744175 744174 744173 744172 744171 744170 744169 744168 744167 744166 744165 744164 744163 744162 547019 8120 744161 744160 744159 744158 744157 744156 744155 744154 744153 744152 744151 744150 744149 744148 744147 744146 744145 744144 744143 667449 744142 744141 744140 744139 744138 744137 744136 744135 744134 744133 744132 744131 744130 744129 744128 744127 744126 744125 744124 744123 744122 744121 744120 744119 744118 744117 744116 744115 744114 744113 744112 744111 744110 744109 744108 744107 744106 744105 744104 744103 744102 744101 744100 744099 744098 744097 744096 744095 744094 744093 744092 744091 744090 744089 744088 744087 744086 744085 744084 744083 744082 744081 744080 744079 744078 744077 744076 744075 744074 744073 744072 744071 744070 744069 744068 744067 744066 744065 744064 744063 744062 744061 744060 744059 744058 60393 744057 744056 744055 744054 744053 744052 744051 744050 744049 744048 744047 744046 744045 744044 744043 744042 20459 20460 20461 43909 43910 43911 43912 43913 43914 43915 43916 43917 405797 405796 405795 405794 405793 405792 405791 405790 405789 405788 405787 405786 405785 405784 405783 405782 405781 405780 405779 405778 405777 8019 8018 8017 8016 8015 8014 8013 8012 - 2.52244
24 34373 34374 34375 34376 34377 34412 34413 34414 34415 34395 34396 34397 34398 34399 34400 44569 44570 44564 36588 23201 44565 44566 34383 34384 34385 34378 34387 596268 596267 596266 596241 47634 596249 596265 596264 596263 596269 744568 8239 744567 596270 744566 744565 744564 596277 744563 744562 744561 744560 744351 744352 744353 744354 744355 744356 744357 744358 744359 744360 744361 744362 744363 744364 744365 744366 744367 744368 744369 744370 744371 744372 744373 744374 744375 744376 744377 596283 744378 744379 744380 744381 744382 744383 744384 674424 744385 744386 744387 744388 85232 744389 744390 744391 744392 744393 744394 744395 744396 744397 744398 744399 744400 744401 744402 85492 744403 744404 744405 744406 744407 744408 744409 744410 744411 744412 744413 744414 744415 744416 744417 52932 52931 52930 52929 52928 52927 52926 52925 52924 52923 52922 52921 52920 52919 52918 52917 52916 52915 47732 52914 52913 52912 52911 52910 52909 52908 52907 52906 52905 52904 52903 52902 52901 52900 52899 52898 52897 52896 52895 52894 52893 52892 52891 52890 52889 52888 52887 52886 52885 52884 52883 52882 52881 52880 52879 52878 52877 52876 52875 52874 52873 52872 52871 52870 52869 52868 52867 52866 52865 52864 15287 52863 52862 52861 52860 52859 52858 52857 52856 52855 52854 52853 52852 52851 52850 52849 52848 52847 52846 52845 52844 52843 52842 52841 52840 52839 52838 52837 52836 52835 52834 52833 52832 52831 52830 52829 52828 52827 52826 52825 52824 52823 52822 52821 52820 52819 52818 52817 52816 52815 52814 52813 52812 52811 52810 52809 52808 52807 52806 52805 52804 52803 52802 52801 52800 52799 52798 52797 52796 52795 52794 52793 52792 52791 52790 52789 52788 52787 52786 52785 52784 52783 52782 52781 52780 52779 52778 52777 52776 52775 52774 52773 52772 52771 52770 52769 52768 52767 52766 52765 52764 52763 52762 52761 52760 52759 52758 52757 49830 744454 744453 744452 744451 744450 744449 744448 744447 744446 744445 744444 744443 744442 744441 744440 744463 744462 744461 744460 744459 744458 744457 744456 744455 744350 744349 744348 744347 744346 744345 744344 590774 744343 744342 744341 744340 744339 5711 5712 5713 5714 5715 5716 5717 5718 5719 5720 5721 5722 5723 5724 5725 5726 5727 5728 5729 5730 5731 5732 5733 5734 5735 5736 5737 5738 5739 5740 5741 5742 5743 5744 5745 5746 5747 5748 5749 5750 5751 5752 5753 5754 5755 5756 5757 5758 5759 5760 5761 5762 5763 5764 5765 5766 5767 5768 5769 5770 5771 5772 5773 5774 5775 5776 5777 5778 5779 5780 5781 5782 5783 5784 5785 5786 5787 5788 5789 5790 5791 5792 5793 5794 5795 5796 5797 5798 5799 5800 5801 5802 5803 5804 5805 5806 5807 5808 5809 5810 5811 5812 5813 5814 5815 5816 5817 5818 5819 5820 5821 5822 5823 5824 5825 5826 5827 5828 5829 5830 5831 5832 5833 5834 5835 5836 5837 5838 5839 5840 5841 5842 5843 5844 5845 5846 5847 5848 5849 5850 5851 5852 5853 5854 5855 5856 5857 5858 5859 5860 5861 5862 5863 5864 5865 5866 5867 5868 5869 5870 5871 5872 5873 5874 5875 5876 5877 5878 5879 5880 5881 5882 5883 5884 5885 5886 5887 5888 5889 5890 5891 5892 5893 5894 5895 5896 5897 5898 5899 5900 5901 5902 5903 5904 5905 5906 5907 5908 5909 5910 5911 5912 5913 5914 5915 5916 5917 5918 5919 5920 5921 5922 5923 5924 5925 5926 5927 5928 5929 5930 5931 5932 5933 5934 5935 5936 5937 5938 5939 5940 5941 5942 5943 5944 5945 5946 5947 5948 5949 5950 5951 5952 5953 5954 5955 5956 5957 5958 5959 5960 5961 5962 5963 5964 5965 5966 5967 5968 5969 5970 5971 5972 5973 52730 52729 52728 52727 52726 52725 52724 52723 52722 52721 52720 52719 52718 52717 52716 52715 52714 52713 52712 52711 52710 52709 52708 52707 52706 52705 52704 52703 52702 52701 52700 52699 52698 52697 52696 52695 52694 52693 52692 52691 52690 52689 52688 52687 52686 52685 52684 52683 52682 52681 52680 52679 52678 52677 52676 52675 52674 52673 52672 52671 52670 52669 52668 52667 52666 52665 52664 52663 52662 52661 52660 52659 52658 52657 52656 52655 52654 52653 52652 52651 52650 52649 52648 52647 52646 52645 52644 52643 52642 52641 52640 52639 52638 52637 52636 52635 52634 52633 52632 52631 52630 52629 52628 52627 52626 52625 52624 52623 52622 52621 52620 52619 52618 52617 52616 52615 52614 52613 52612 52611 52610 52609 52608 52607 52606 52605 52604 52603 52602 52601 52600 52599 52598 52597 52596 52595 52594 52593 52592 52591 52590 52589 52588 52587 52586 52585 52584 52583 52582 52581 52580 52579 52578 52577 52576 464589 464590 844812 844811 844810 844809 844808 844807 641459 464586 844806 844805 844804 22919 844803 844802 844801 844800 844799 844798 844797 844796 844795 844794 844793 844792 844791 844790 844789 844788 641401 55914 55913 55912 55911 55910 55909 55908 55907 55906 55905 55904 55903 55902 55901 55900 55899 55898 55897 55896 55895 55894 55893 55892 55891 55890 55889 55888 55887 55886 55885 55884 55883 55882 55881 55880 55879 55878 55877 55876 55875 55874 55873 55872 55871 55870 55869 55868 55867 55866 55865 55864 55863 55862 55861 55860 55859 55858 55857 55856 55855 55854 55853 55852 55851 55850 55849 55848 55847 55846 55845 55844 55843 55842 55841 55840 55839 55838 55837 55836 55835 55834 55833 55832 55831 55830 55829 55828 55827 55826 55825 55824 55823 55822 55821 55820 55819 55818 55817 55816 55815 55814 55813 55812 55811 55810 55809 55808 55807 55806 55805 55804 55803 55802 55801 55800 55799 55798 55797 55796 55795 55794 55793 55792 55791 55790 55789 55788 55787 55786 55785 55784 55783 55782 55781 55780 55779 55778 55777 55776 55775 55774 55773 55772 55771 55770 55769 55768 55767 55766 55765 55764 55763 55762 55761 55760 55759 55758 55757 55756 55755 55754 55753 55752 55751 55750 55749 55748 55747 55746 55745 55744 55743 55742 55741 55740 55739 55738 55737 55736 55735 55734 55733 55732 55731 55730 55729 55728 55727 55726 55725 55724 55723 55722 55721 55720 55719 55718 55717 55716 55715 55714 55713 55712 55711 55710 55709 55708 55707 55706 55705 55704 55703 55702 55701 55700 55699 55698 55697 55696 55695 55694 55693 55692 55691 55690 55689 55688 55687 55686 55685 55684 55683 55682 55681 55680 55679 55678 55677 55676 55675 55674 55673 55672 55671 23906 744271 744270 744269 744260 744259 744258 744257 744256 744255 744254 744253 744252 744251 744250 744249 744248 744247 744246 744245 744244 744243 744242 744241 744240 744239 744238 744237 744236 744235 744234 744233 744232 744231 744230 744229 744228 744227 744226 744225 744224 744223 744222 744221 744220 744219 744218 744217 744216 744215 744214 744213 744212 744211 744210 744209 744208 744207 744206 744205 744204 744203 744202 744201 744200 744199 744198 744197 744196 744195 744194 744193 744192 744191 744190 744189 744188 744187 744186 744185 744184 744183 744182 744181 744180 744179 744178 744177 744176 744175 744174 744173 744172 744171 744170 744169 744168 744167 744166 744165 744164 744163 744162 547019 8120 744161 744160 744159 744158 744157 744156 744155 744154 744153 744152 744151 744150 744149 744148 744147 744146 744145 744144 744143 667449 744142 744141 744140 744139 744138 744137 744136 744135 744134 744133 744132 744131 744130 744129 744128 744127 744126 744125 744124 744123 744122 744121 744120 744119 744118 744117 744116 744115 744114 744113 744112 744111 744110 744109 744108 744107 744106 744105 744104 744103 744102 744101 744100 744099 744098 744097 744096 744095 744094 744093 744092 744091 744090 744089 744088 744087 744086 744085 744084 744083 744082 744081 744080 744079 744078 744077 744076 744075 744074 744073 744072 744071 744070 744069 744068 744067 744066 744065 744064 744063 744062 744061 744060 744059 744058 60393 744057 744056 744055 744054 744053 744052 744051 744050 744049 744048 744047 744046 744045 744044 744043 744042 20459 20460 20461 43909 43910 43911 43912 43913 43914 43915 43916 43917 405797 405796 405795 405794 405793 405792 405791 405790 405789 405788 405787 405786 405785 405784 405783 405782 405781 405780 405779 405778 405777 8019 8018 8017 8016 8015 8014 8013 8012 8011 8010 8009 8008 8007 8006 8005 8004 39702 39701 39700 39699 39698 39697 39696 743869 743870 743871 743872 743873 743874 743875 743876 743877 743878 743879 743880 743881 743882 743883 743884 743885 71899 743886 743887 743888 743889 743890 743891 743892 743893 743894 743895 743896 743897 743898 743899 743900 743901 743902 743903 743904 743905 743906 743907 743908 743909 743910 743911 743912 743913 743914 743915 743916 743917 743918 410513 743919 743920 743921 408830 743922 743923 743924 743925 743926 743927 743928 743929 743930 743931 743932 743933 743934 743935 743936 743937 743938 743939 743940 743941 743942 743943 743974 743975 743976 743977 743978 743979 743980 743981 743982 743983 743984 743985 743986 743987 743988 743989 743990 743991 743992 743993 743994 743995 743996 743774 929673 920139 920100 929674 929675 929676 929677 929678 929679 929680 929681 929682 7928 7929 7930 7931 7932 7933 7934 7935 7936 7937 7938 7939 7940 7941 7942 7943 7944 7945 7946 7947 7948 7949 7950 7951 7952 7953 7954 7955 7956 630823 630824 630825 630826 630827 630828 630829 630830 630831 630832 27671 752336 752337 752338 752339 752340 752341 752342 752343 752344 752345 752346 752347 752348 752349 752350 752351 752352 752353 752354 752355 752356 752357 752358 752359 752360 752361 752362 752363 752364 752365 752366 752367 752368 752369 752370 752371 729433 729419 752372 630882 630883 630884 630885 630785 630786 630787 630788 631213 631214 631215 631216 631217 631218 631219 631220 631221 631222 631223 631224 631225 631226 631227 631228 631229 631230 631231 631232 631233 631234 631235 631236 906325 906326 906327 906328 906329 906330 906331 72994 72995 72996 72997 72998 72999 73000 73001 73002 906332 630854 630855 630856 630857 630858 630859 630860 630861 630862 630863 630864 630865 630866 630867 630868 628131 91989 713155 913378 913405 913404 713186 713185 713184 713183 713182 713181 713180 713179 713178 713177 713169 713154 52002 713166 713176 713175 713174 713173 38495 713172 713171 713170 94932 576689 576688 576687 7146 7145 7144 7143 7142 7141 7140 7139 7138 69 70 71 72 73 74 75 76 77 78 79 80 - 2.79642
25 24 34373 34374 34375 34376 34377 34412 34413 34414 34415 34395 34396 34397 34398 34399 34400 44569 44570 44564 36588 23201 44565 44566 34383 34384 34385 34378 34387 596268 596267 596266 596241 47634 596249 596265 596264 596263 596269 744568 8239 744567 596270 744566 744565 744564 596277 744563 744562 744561 744560 744351 744352 744353 744354 744355 744356 744357 744358 744359 744360 744361 744362 744363 744364 744365 744366 744367 744368 744369 744370 744371 744372 744373 744374 744375 744376 744377 596283 744378 744379 744380 744381 744382 744383 744384 674424 744385 744386 744387 744388 85232 744389 744390 744391 744392 744393 744394 744395 744396 744397 744398 744399 744400 744401 744402 85492 744403 744404 744405 744406 744407 744408 744409 744410 744411 744412 744413 744414 744415 744416 744417 52932 52931 52930 52929 52928 52927 52926 52925 52924 52923 52922 52921 52920 52919 52918 52917 52916 52915 47732 52914 52913 52912 52911 52910 52909 52908 52907 52906 52905 52904 52903 52902 52901 52900 52899 52898 52897 52896 52895 52894 52893 52892 52891 52890 52889 52888 52887 52886 52885 52884 52883 52882 52881 52880 52879 52878 52877 52876 52875 52874 52873 52872 52871 52870 52869 52868 52867 52866 52865 52864 15287 52863 52862 52861 52860 52859 52858 52857 52856 52855 52854 52853 52852 52851 52850 52849 52848 52847 52846 52845 52844 52843 52842 52841 52840 52839 52838 52837 52836 52835 52834 52833 52832 52831 52830 52829 52828 52827 52826 52825 52824 52823 52822 52821 52820 52819 52818 52817 52816 52815 52814 52813 52812 52811 52810 52809 52808 52807 52806 52805 52804 52803 52802 52801 52800 52799 52798 52797 52796 52795 52794 52793 52792 52791 52790 52789 52788 52787 52786 52785 52784 52783 52782 52781 52780 52779 52778 52777 52776 52775 52774 52773 52772 52771 52770 52769 52768 52767 52766 52765 52764 52763 52762 52761 52760 52759 52758 52757 49830 744454 744453 744452 744451 744450 744449 744448 744447 744446 744445 744444 744443 744442 744441 744440 744463 744462 744461 744460 744459 744458 744457 744456 744455 744350 744349 744348 744347 744346 744345 744344 590774 744343 744342 744341 744340 744339 5711 5712 5713 5714 5715 5716 5717 5718 5719 5720 5721 5722 5723 5724 5725 5726 5727 5728 5729 5730 5731 5732 5733 5734 5735 5736 5737 5738 5739 5740 5741 5742 5743 5744 5745 5746 5747 5748 5749 5750 5751 5752 5753 5754 5755 5756 5757 5758 5759 5760 5761 5762 5763 5764 5765 5766 5767 5768 5769 5770 5771 5772 5773 5774 5775 5776 5777 5778 5779 5780 5781 5782 5783 5784 5785 5786 5787 5788 5789 5790 5791 5792 5793 5794 5795 5796 5797 5798 5799 5800 5801 5802 5803 5804 5805 5806 5807 5808 5809 5810 5811 5812 5813 5814 5815 5816 5817 5818 5819 5820 5821 5822 5823 5824 5825 5826 5827 5828 5829 5830 5831 5832 5833 5834 5835 5836 5837 5838 5839 5840 5841 5842 5843 5844 5845 5846 5847 5848 5849 5850 5851 5852 5853 5854 5855 5856 5857 5858 5859 5860 5861 5862 5863 5864 5865 5866 5867 5868 5869 5870 5871 5872 5873 5874 5875 5876 5877 5878 5879 5880 5881 5882 5883 5884 5885 5886 5887 5888 5889 5890 5891 5892 5893 5894 5895 5896 5897 5898 5899 5900 5901 5902 5903 5904 5905 5906 5907 5908 5909 5910 5911 5912 5913 5914 5915 5916 5917 5918 5919 5920 5921 5922 5923 5924 5925 5926 5927 5928 5929 5930 5931 5932 5933 5934 5935 5936 5937 5938 5939 5940 5941 5942 5943 5944 5945 5946 5947 5948 5949 5950 5951 5952 5953 5954 5955 5956 5957 5958 5959 5960 5961 5962 5963 5964 5965 5966 5967 5968 5969 5970 5971 5972 5973 52730 52729 52728 52727 52726 52725 52724 52723 52722 52721 52720 52719 52718 52717 52716 52715 52714 52713 52712 52711 52710 52709 52708 52707 52706 52705 52704 52703 52702 52701 52700 52699 52698 52697 52696 52695 52694 52693 52692 52691 52690 52689 52688 52687 52686 52685 52684 52683 52682 52681 52680 52679 52678 52677 52676 52675 52674 52673 52672 52671 52670 52669 52668 52667 52666 52665 52664 52663 52662 52661 52660 52659 52658 52657 52656 52655 52654 52653 52652 52651 52650 52649 52648 52647 52646 52645 52644 52643 52642 52641 52640 52639 52638 52637 52636 52635 52634 52633 52632 52631 52630 52629 52628 52627 52626 52625 52624 52623 52622 52621 52620 52619 52618 52617 52616 52615 52614 52613 52612 52611 52610 52609 52608 52607 52606 52605 52604 52603 52602 52601 52600 52599 52598 52597 52596 52595 52594 52593 52592 52591 52590 52589 52588 52587 52586 52585 52584 52583 52582 52581 52580 52579 52578 52577 52576 464589 464590 844812 844811 844810 844809 844808 844807 641459 464586 844806 844805 844804 22919 844803 844802 844801 844800 844799 844798 844797 844796 844795 844794 844793 844792 844791 844790 844789 844788 641401 55914 55913 55912 55911 55910 55909 55908 55907 55906 55905 55904 55903 55902 55901 55900 55899 55898 55897 55896 55895 55894 55893 55892 55891 55890 55889 55888 55887 55886 55885 55884 55883 55882 55881 55880 55879 55878 55877 55876 55875 55874 55873 55872 55871 55870 55869 55868 55867 55866 55865 55864 55863 55862 55861 55860 55859 55858 55857 55856 55855 55854 55853 55852 55851 55850 55849 55848 55847 55846 55845 55844 55843 55842 55841 55840 55839 55838 55837 55836 55835 55834 55833 55832 55831 55830 55829 55828 55827 55826 55825 55824 55823 55822 55821 55820 55819 55818 55817 55816 55815 55814 55813 55812 55811 55810 55809 55808 55807 55806 55805 55804 55803 55802 55801 55800 55799 55798 55797 55796 55795 55794 55793 55792 55791 55790 55789 55788 55787 55786 55785 55784 55783 55782 55781 55780 55779 55778 55777 55776 55775 55774 55773 55772 55771 55770 55769 55768 55767 55766 55765 55764 55763 55762 55761 55760 55759 55758 55757 55756 55755 55754 55753 55752 55751 55750 55749 55748 55747 55746 55745 55744 55743 55742 55741 55740 55739 55738 55737 55736 55735 55734 55733 55732 55731 55730 55729 55728 55727 55726 55725 55724 55723 55722 55721 55720 55719 55718 55717 55716 55715 55714 55713 55712 55711 55710 55709 55708 55707 55706 55705 55704 55703 55702 55701 55700 55699 55698 55697 55696 55695 55694 55693 55692 55691 55690 55689 55688 55687 55686 55685 55684 55683 55682 55681 55680 55679 55678 55677 55676 55675 55674 55673 55672 55671 23906 744271 744270 744269 744260 744259 744258 744257 744256 744255 744254 744253 744252 744251 744250 744249 744248 744247 744246 744245 744244 744243 744242 744241 744240 744239 744238 744237 744236 744235 744234 744233 744232 744231 744230 744229 744228 744227 744226 744225 744224 744223 744222 744221 744220 744219 744218 744217 744216 744215 744214 744213 744212 744211 744210 744209 744208 744207 744206 744205 744204 744203 744202 744201 744200 744199 744198 744197 744196 744195 744194 744193 744192 744191 744190 744189 744188 744187 744186 744185 744184 744183 744182 744181 744180 744179 744178 744177 744176 744175 744174 744173 744172 744171 744170 744169 744168 744167 744166 744165 744164 744163 744162 547019 8120 744161 744160 744159 744158 744157 744156 744155 744154 744153 744152 744151 744150 744149 744148 744147 744146 744145 744144 744143 667449 744142 744141 744140 744139 744138 744137 744136 744135 744134 744133 744132 744131 744130 744129 744128 744127 744126 744125 744124 744123 744122 744121 744120 744119 744118 744117 744116 744115 744114 744113 744112 744111 744110 744109 744108 744107 744106 744105 744104 744103 744102 744101 744100 744099 744098 744097 744096 744095 744094 744093 744092 744091 744090 744089 744088 744087 744086 744085 744084 744083 744082 744081 744080 744079 744078 744077 744076 744075 744074 744073 744072 744071 744070 744069 744068 744067 744066 744065 744064 744063 744062 744061 744060 744059 744058 60393 744057 744056 744055 744054 744053 744052 744051 744050 744049 744048 744047 744046 744045 744044 744043 744042 20459 20460 20461 43909 43910 43911 43912 43913 43914 43915 43916 43917 405797 405796 405795 405794 405793 405792 405791 405790 405789 405788 405787 405786 405785 405784 405783 405782 405781 405780 405779 405778 405777 8019 8018 8017 8016 8015 8014 8013 8012 8011 8010 8009 8008 8007 8006 8005 8004 39702 39701 39700 39699 39698 39697 39696 743869 743870 743871 743872 743873 743874 743875 743876 743877 743878 743879 743880 743881 743882 743883 743884 743885 71899 743886 743887 743888 743889 743890 743891 743892 743893 743894 743895 743896 743897 743898 743899 743900 743901 743902 743903 743904 743905 743906 743907 743908 743909 743910 743911 743912 743913 743914 743915 743916 743917 743918 410513 743919 743920 743921 408830 743922 743923 743924 743925 743926 743927 743928 743929 743930 743931 743932 743933 743934 743935 743936 743937 743938 743939 743940 743941 743942 743943 743974 743975 743976 743977 743978 743979 743980 743981 743982 743983 743984 743985 743986 743987 743988 743989 743990 743991 743992 743993 743994 743995 743996 743774 929673 920139 920100 929674 929675 929676 929677 929678 929679 929680 929681 929682 7928 7929 7930 7931 7932 7933 7934 7935 7936 7937 7938 7939 7940 7941 7942 7943 7944 7945 7946 7947 7948 7949 7950 7951 7952 7953 7954 7955 7956 630823 630824 630825 630826 630827 630828 630829 630830 630831 630832 27671 752336 752337 752338 752339 752340 752341 752342 752343 752344 752345 752346 752347 752348 752349 752350 752351 752352 752353 752354 752355 752356 752357 752358 752359 752360 752361 752362 752363 752364 752365 752366 752367 752368 752369 752370 752371 729433 729419 752372 630882 630883 630884 630885 630785 630786 630787 630788 631213 631214 631215 631216 631217 631218 631219 631220 631221 631222 631223 631224 631225 631226 631227 631228 631229 631230 631231 631232 631233 631234 631235 631236 906325 906326 906327 906328 906329 906330 906331 72994 72995 72996 72997 72998 72999 73000 73001 73002 906332 630854 630855 630856 630857 630858 630859 630860 630861 630862 630863 630864 630865 630866 630867 630868 628131 91989 713155 913378 913405 913404 713186 713185 713184 713183 713182 713181 713180 713179 713178 713177 713169 713154 52002 713166 713176 713175 713174 713173 38495 713172 713171 713170 94932 576689 576688 576687 7146 7145 7144 7143 7142 7141 7140 7139 7138 69 70 71 72 73 74 75 76 77 78 79 80 - 2.79650
80 81 82 83 84 85 - 0.00173
81 82 83 84 85 - 0.0017
82 83 84 85 86 87 - 0.00187
83 84 85 86 87 698780 698775 738239 738240 738241 94979 738242 7122 738243 738244 738245 1469 72 73 74 75 76 77 - 0.01726
